Sources:
https://www.film.ru/articles/yaponiya-v-kartinkah?page=show https://mel.fm/chto_posmotret/3648572-anime https://mel.fm/chto_posmotret/3648572-anime https://mel.fm/chto_posmotret/3648572-anime 
Words:
национальный
2|
0.00128535|
кинопортал
2|
0.00128535|
лучших
5|
0.0046951|
японских
7|6|
0.00449871|0.00588813|
мультфильмов
2|4|
0.00128535|0.00392542|
кинотеатры
2|
0.00128535|
трейлеры
16|
0.0102828|
кадры
19|2|
0.0122108|0.00196271|
рубрики
2|
0.00128535|
интервью
2|
0.00128535|
игры
3|
0.00192802|
анимация
17|2|
0.0109254|0.00196271|
боевик
8|
0.00514139|
драма
13|
0.00835476|
триллер
5|
0.00321337|
фантастика
8|
0.00514139|
фэнтези
8|
0.00514139|
режиссер
19|
0.0122108|
кацухиро
4|
0.00257069|
отомо
4|
0.00257069|
ролях
15|
0.0096401|
мицуо
2|
0.00128535|
ивата
2|
0.00128535|
мами
8|5|3|5|3|5|3|
0.00514139|0.00490677|0.00294406|0.00490677|0.00294406|0.00490677|0.00294406|
кояма
2|
0.00128535|
один
10|3|4|3|4|3|4|3|
0.00642674|0.00294406|0.00392542|0.00294406|0.00392542|0.00294406|0.00392542|0.00294406|
самых
2|3|
0.00128535|0.00294406|
известных
3|2|
0.00192802|0.00196271|
западе
2|
0.00128535|
создатель
2|
0.00128535|
laquoакирыraquo
2|
0.00128535|
свой
5|2|3|2|3|2|3|2|
0.00321337|0.00196271|0.00294406|0.00196271|0.00294406|0.00196271|0.00294406|0.00196271|
нарисовал
2|
0.00187804|
изза
3|
0.00192802|
сюжета
7|
0.00449871|
laquoакираraquo
2|
0.00128535|
либо
2|
0.00128535|
комментариев
2|
0.00128535|
зрители
3|
0.00192802|
разобраться
2|
0.00128535|
собственно
2|
0.00128535|
экране
5|
0.00321337|
даже
2|4|
0.00128535|0.00392542|
эпопея
2|
0.00128535|
антиутопии
2|
0.00128535|
киберпанка
4|
0.00257069|
ленты
9|
0.00578406|
кстати
2|8|
0.00128535|0.00785083|
более
3|
0.00192802|
ремейк
2|
0.00128535|
пока
11|
0.00706941|
playernew
15|
0.0096401|
англ
14|2|
0.00899743|0.00196271|
покорившая
4|
0.00257069|
время
12|4|2|4|2|4|2|
0.00771208|0.00392542|0.00196271|0.00392542|0.00196271|0.00392542|0.00196271|
детектив
4|
0.00257069|
комедия
2|
0.00128535|
мелодрама
2|
0.00128535|
приключения
6|
0.00385604|
мамору
6|3|
0.00385604|0.00294406|
хосода
5|2|
0.00321337|0.00196271|
нака
10|3|
0.00642674|0.00294406|
такуя
2|
0.00128535|
иcида
2|
0.00128535|
америке
4|
0.00257069|
японии
5|2|
0.00321337|0.00196271|
лишь
9|3|
0.00578406|0.00294406|
могут
6|
0.00385604|
снова
3|8|4|2|8|4|2|8|4|2|
0.00192802|0.00785083|0.00392542|0.00196271|0.00785083|0.00392542|0.00196271|0.00785083|0.00392542|0.00196271|
роман
4|
0.00257069|
году
5|9|
0.00321337|0.00883219|
восемь
2|
0.00128535|
речь
5|2|
0.00321337|0.00196271|
идет
6|
0.00385604|
способность
2|
0.00128535|
времени
5|2|
0.00321337|0.00196271|
макото
2|3|
0.00128535|0.00294406|
талант
2|
0.00128535|
однако
2|
0.00128535|
затем
3|
0.00192802|
героиня
6|3|
0.00385604|0.00294406|
узнает
2|
0.00128535|
тысячелетия
3|
0.00192802|
сатоси
2|
0.00128535|
сёдзи
3|
0.00192802|
иидзука
2|
0.00128535|
настоящий
2|
0.00128535|
главная
3|
0.00192802|
после
7|8|
0.00449871|0.00785083|
каждый
3|
0.00192802|
сцену
3|
0.00192802|
эпоху
2|
0.00128535|
жанра
2|
0.00128535|
будь
7|4|
0.00449871|0.00392542|
оказывается
5|
0.00321337|
мэгуми
2|
0.00128535|
хаясибара
2|
0.00128535|
моне
8|2|
0.00514139|0.00196271|
парня
2|
0.00128535|
ничего
2|
0.00128535|
история
7|
0.00449871|
временем
2|
0.00128535|
жить
2|
0.00187804|
волки
2|
0.00128535|
матери
2|
0.00128535|
замок
3|2|
0.00192802|0.00196271|
лапута
5|2|
0.00321337|0.00196271|
семейный
3|
0.00192802|
миядзаки
10|16|
0.00642674|0.0157017|
марк
3|
0.00192802|
ричард
4|
0.00257069|
слишком
4|
0.00257069|
того
2|
0.00128535|
вышел
2|
0.00187804|
картина
10|4|
0.00642674|0.00392542|
почти
2|
0.00128535|
находит
2|
0.00128535|
давно
3|
0.00192802|
могущественной
2|
0.00128535|
технологии
2|
0.00187804|
трудно
2|
0.00128535|
будущем
5|
0.00321337|
оцука
2|
0.00128535|
коити
3|
0.00192802|
ямадэра
3|
0.00192802|
сигэру
2|
0.00128535|
фрагмента
2|
0.00128535|
можно
3|
0.00192802|
правила
2|
0.00128535|
сказать
2|
0.00128535|
уморительно
2|
0.00128535|
сатира
2|
0.00128535|
стране
2|
0.00128535|
ниндзя
5|
0.00321337|
ёсиаки
3|
0.00192802|
кавадзири
5|
0.00321337|
уэнди
2|
0.00128535|
эпкар
2|
0.00128535|
слово
3|
0.00192802|
обреченной
2|
0.00128535|
мести
3|4|
0.00192802|0.00392542|
жажда
4|
0.00257069|
танака
2|
0.00128535|
синохара
2|
0.00128535|
лучшей
4|
0.00257069|
работой
2|
0.00128535|
людей
2|4|
0.00128535|0.00392542|
можете
2|
0.00128535|
laquoблейдомraquo
2|
0.00128535|
хоннеамиз
4|
0.00257069|
oneamisu
2|
0.00128535|
хироюки
2|
0.00128535|
ямага
2|
0.00128535|
космический
2|
0.00128535|
крылья
5|
0.00321337|
laquoкрылья
3|
0.00192802|
первом
3|
0.00192802|
космос
2|
0.00128535|
вымышленной
2|
0.00128535|
laquoкрыльевraquo
2|
0.00128535|
американской
2|
0.00128535|
полотно
3|
0.00192802|
студии
2|
0.00128535|
молодые
2|
0.00128535|
доспехах
3|
0.00192802|
философии
2|
0.00128535|
купитьбилетмой
2|
0.00128535|
сосед
3|
0.00192802|
тоторо
5|
0.0046951|
конфликт
2|
0.00128535|
противостояние
2|
0.00128535|
борьба
2|
0.00128535|
серым
3|
0.00192802|
например
2|
0.00187804|
маленькие
2|
0.00128535|
города
4|3|
0.00257069|0.00294406|
лесных
2|
0.00128535|
духов
3|
0.00192802|
аниматоров
2|
0.00128535|
культуре
3|
0.00192802|
тануки
3|
0.00192802|
такахата
5|2|
0.00321337|0.00196271|
мультфильмах
16|
0.0102828|
конце
2|
0.00128535|
возможное
2|
0.00128535|
унесенные
6|
0.00385604|
призраками
4|3|
0.00257069|0.00294406|
третье
2|
0.00187804|
светлячков
4|
0.00257069|
посмотрите
2|
0.00128535|
laquoмогилу
2|
0.00128535|
мрачной
2|
0.00128535|
мононоке
4|2|
0.00257069|0.00196271|
билли
2|
0.00128535|
надзору
2|
0.00128535|
лучших
5|
0.00490677|
японских
6|
0.00588813|
мультфильмов
4|
0.00392542|
понравятся
3|
0.00294406|
даже
4|
0.00392542|
взрослым
6|
0.00588813|
мультики
2|
0.00196271|
часто
5|
0.00490677|
вяпонской
2|
0.00196271|
анимации
2|
0.00196271|
полно
6|2|6|2|6|2|
0.00588813|0.00196271|0.00588813|0.00196271|0.00588813|0.00196271|
своих
2|
0.00196271|
хаяо
10|
0.00981354|
миядзаки
16|
0.0157017|
отлично
2|
0.00196271|
оценка
16|
0.0157017|
самый
3|
0.00294406|
известный
2|
0.00196271|
получил
2|
0.00196271|
оскар
3|
0.00294406|
лишь
3|
0.00294406|
призраками
3|
0.00294406|
вовремя
4|2|4|2|4|2|
0.00392542|0.00196271|0.00392542|0.00196271|0.00392542|0.00196271|
родители
3|
0.00294406|
тихиро
3|
0.00294406|
девочки
9|
0.00883219|
приходится
4|
0.00392542|
мире
7|
0.00686948|
найти
2|
0.00196271|
способ
2|
0.00196271|
снять
4|
0.00392542|
вяпонии
2|
0.00196271|
кстати
8|
0.00785083|
должен
2|
0.00196271|
больше
3|
0.00294406|
пришлось
2|
0.00196271|
начинается
2|
0.00196271|
таки
6|2|6|2|6|2|
0.00588813|0.00196271|0.00588813|0.00196271|0.00588813|0.00196271|
однажды
3|
0.00294406|
живёт
2|
0.00196271|
втокио
2|
0.00196271|
друг
5|
0.00490677|
крепко
2|
0.00196271|
связаны
2|
0.00196271|
вышел
2|
0.00196271|
году
9|
0.00883219|
макото
3|
0.00294406|
синкай
2|
0.00196271|
будет
4|
0.00392542|
сидзуку
2|
0.00196271|
школьница
2|
0.00196271|
книгу
2|
0.00196271|
встречает
2|
0.00196271|
любовь
2|
0.00196271|
работы
7|
0.00686948|
была
2|
0.00196271|
своей
3|2|3|2|3|2|
0.00294406|0.00196271|0.00294406|0.00196271|0.00294406|0.00196271|
героини
3|
0.00294406|
первый
3|
0.00294406|
графика
2|
0.00196271|
аещё
3|
0.00294406|
японского
3|
0.00294406|
аниматора
2|
0.00196271|
через
3|
0.00294406|
после
8|
0.00785083|
мононоке
2|
0.00196271|
писателя
2|
0.00196271|
джонс
2|
0.00196271|
действие
3|
0.00294406|
происходит
3|
0.00294406|
века
2|
0.00196271|
рука
4|
0.00392542|
технологий
2|
0.00196271|
софи
2|
0.00196271|
меняется
2|
0.00196271|
города
3|
0.00294406|
ходячий
2|
0.00196271|
замок
2|
0.00196271|
хаула
3|
0.00294406|
иона
4|2|4|2|4|2|
0.00392542|0.00196271|0.00392542|0.00196271|0.00392542|0.00196271|
влюбляется
2|
0.00196271|
людей
4|
0.00392542|
детей
6|
0.00588813|
вместе
4|
0.00392542|
узнают
2|
0.00196271|
становится
2|
0.00196271|
оней
2|
0.00196271|
правда
2|
0.00196271|
очень
2|
0.00196271|
картина
4|
0.00392542|
поимени
3|
0.00294406|
сита
4|
0.00392542|
камень
2|
0.00196271|
своего
2|
0.00196271|
ключ
3|
0.00294406|
лапуте
2|
0.00196271|
легенд
2|
0.00196271|
снова
8|4|2|8|4|2|8|4|2|
0.00785083|0.00392542|0.00196271|0.00785083|0.00392542|0.00196271|0.00785083|0.00392542|0.00196271|
семья
3|
0.00294406|
сацуки
2|
0.00196271|
вдеревню
2|
0.00196271|
хорошо
2|
0.00196271|
мама
5|3|5|3|5|3|
0.00490677|0.00294406|0.00490677|0.00294406|0.00490677|0.00294406|
попадает
2|
0.00196271|
вбольницу
2|
0.00196271|
знакомится
3|
0.00294406|
сгигантским
2|
0.00196271|
тоторо
5|
0.00490677|
леса
3|
0.00294406|
помогает
2|
0.00196271|
например
2|
0.00196271|
полностью
2|
0.00196271|
такахаты
2|
0.00196271|
основал
4|
0.00392542|
иего
3|
0.00294406|
войны
3|
0.00294406|
вовремена
2|
0.00196271|
катастрофа
2|
0.00196271|
жить
2|
0.00196271|
насекомых
3|
0.00294406|
государств
2|
0.00196271|
долина
3|
0.00294406|
десяти
3|
0.00294406|
воснове
2|
0.00196271|
мальчик
2|
0.00196271|
куматэцу
2|
0.00196271|
мамору
3|
0.00294406|
хосада
2|
0.00196271|
тему
2|
0.00196271|
летняя
2|
0.00196271|
кики
2|
0.00196271|
службу
3|
0.00294406|
доставки
2|
0.00196271|
сначала
2|
0.00196271|
планировал
4|
0.00392542|
минут
3|
0.00294406|
нарисованных
2|
0.00196271|
вручную
2|
0.00196271|
кадра
2|
0.00196271|
хана
3|
0.00294406|
помощи
2|
0.00196271|
узнали
2|
0.00196271|
хосода
2|
0.00196271|
ради
2|
0.00196271|
получает
3|
0.00294406|
смотреть
2|
0.00196271|
внимание
2|
0.00196271|
евангелион
2|
0.00196271|
стоит
2|
0.00196271|
дзиро
2|
0.00196271|
ветер
2|
0.00196271|
назад
2|
0.00196271|
лучших
5|
0.00490677|
японских
6|
0.00588813|
мультфильмов
4|
0.00392542|
понравятся
3|
0.00294406|
даже
4|
0.00392542|
взрослым
6|
0.00588813|
мультики
2|
0.00196271|
часто
5|
0.00490677|
вяпонской
2|
0.00196271|
анимации
2|
0.00196271|
полно
6|2|6|2|
0.00588813|0.00196271|0.00588813|0.00196271|
своих
2|
0.00196271|
хаяо
10|
0.00981354|
миядзаки
16|
0.0157017|
отлично
2|
0.00196271|
оценка
16|
0.0157017|
самый
3|
0.00294406|
известный
2|
0.00196271|
получил
2|
0.00196271|
оскар
3|
0.00294406|
лишь
3|
0.00294406|
призраками
3|
0.00294406|
вовремя
4|2|4|2|
0.00392542|0.00196271|0.00392542|0.00196271|
родители
3|
0.00294406|
тихиро
3|
0.00294406|
девочки
9|
0.00883219|
приходится
4|
0.00392542|
мире
7|
0.00686948|
найти
2|
0.00196271|
способ
2|
0.00196271|
снять
4|
0.00392542|
вяпонии
2|
0.00196271|
кстати
8|
0.00785083|
должен
2|
0.00196271|
больше
3|
0.00294406|
пришлось
2|
0.00196271|
начинается
2|
0.00196271|
таки
6|2|6|2|
0.00588813|0.00196271|0.00588813|0.00196271|
однажды
3|
0.00294406|
живёт
2|
0.00196271|
втокио
2|
0.00196271|
друг
5|
0.00490677|
крепко
2|
0.00196271|
связаны
2|
0.00196271|
вышел
2|
0.00196271|
году
9|
0.00883219|
макото
3|
0.00294406|
синкай
2|
0.00196271|
будет
4|
0.00392542|
сидзуку
2|
0.00196271|
школьница
2|
0.00196271|
книгу
2|
0.00196271|
встречает
2|
0.00196271|
любовь
2|
0.00196271|
работы
7|
0.00686948|
была
2|
0.00196271|
своей
3|2|3|2|
0.00294406|0.00196271|0.00294406|0.00196271|
героини
3|
0.00294406|
первый
3|
0.00294406|
графика
2|
0.00196271|
аещё
3|
0.00294406|
японского
3|
0.00294406|
аниматора
2|
0.00196271|
через
3|
0.00294406|
после
8|
0.00785083|
мононоке
2|
0.00196271|
писателя
2|
0.00196271|
джонс
2|
0.00196271|
действие
3|
0.00294406|
происходит
3|
0.00294406|
века
2|
0.00196271|
рука
4|
0.00392542|
технологий
2|
0.00196271|
софи
2|
0.00196271|
меняется
2|
0.00196271|
города
3|
0.00294406|
ходячий
2|
0.00196271|
замок
2|
0.00196271|
хаула
3|
0.00294406|
иона
4|2|4|2|
0.00392542|0.00196271|0.00392542|0.00196271|
влюбляется
2|
0.00196271|
людей
4|
0.00392542|
детей
6|
0.00588813|
вместе
4|
0.00392542|
узнают
2|
0.00196271|
становится
2|
0.00196271|
оней
2|
0.00196271|
правда
2|
0.00196271|
очень
2|
0.00196271|
картина
4|
0.00392542|
поимени
3|
0.00294406|
сита
4|
0.00392542|
камень
2|
0.00196271|
своего
2|
0.00196271|
ключ
3|
0.00294406|
лапуте
2|
0.00196271|
легенд
2|
0.00196271|
снова
8|4|2|8|4|2|
0.00785083|0.00392542|0.00196271|0.00785083|0.00392542|0.00196271|
семья
3|
0.00294406|
сацуки
2|
0.00196271|
вдеревню
2|
0.00196271|
хорошо
2|
0.00196271|
мама
5|3|5|3|
0.00490677|0.00294406|0.00490677|0.00294406|
попадает
2|
0.00196271|
вбольницу
2|
0.00196271|
знакомится
3|
0.00294406|
сгигантским
2|
0.00196271|
тоторо
5|
0.00490677|
леса
3|
0.00294406|
помогает
2|
0.00196271|
например
2|
0.00196271|
полностью
2|
0.00196271|
такахаты
2|
0.00196271|
основал
4|
0.00392542|
иего
3|
0.00294406|
войны
3|
0.00294406|
вовремена
2|
0.00196271|
катастрофа
2|
0.00196271|
жить
2|
0.00196271|
насекомых
3|
0.00294406|
государств
2|
0.00196271|
долина
3|
0.00294406|
десяти
3|
0.00294406|
воснове
2|
0.00196271|
мальчик
2|
0.00196271|
куматэцу
2|
0.00196271|
мамору
3|
0.00294406|
хосада
2|
0.00196271|
тему
2|
0.00196271|
летняя
2|
0.00196271|
кики
2|
0.00196271|
службу
3|
0.00294406|
доставки
2|
0.00196271|
сначала
2|
0.00196271|
планировал
4|
0.00392542|
минут
3|
0.00294406|
нарисованных
2|
0.00196271|
вручную
2|
0.00196271|
кадра
2|
0.00196271|
хана
3|
0.00294406|
помощи
2|
0.00196271|
узнали
2|
0.00196271|
хосода
2|
0.00196271|
ради
2|
0.00196271|
получает
3|
0.00294406|
смотреть
2|
0.00196271|
внимание
2|
0.00196271|
евангелион
2|
0.00196271|
стоит
2|
0.00196271|
дзиро
2|
0.00196271|
ветер
2|
0.00196271|
назад
2|
0.00196271|
лучших
5|
0.00490677|
японских
6|
0.00588813|
мультфильмов
4|
0.00392542|
понравятся
3|
0.00294406|
даже
4|
0.00392542|
взрослым
6|
0.00588813|
мультики
2|
0.00196271|
часто
5|
0.00490677|
вяпонской
2|
0.00196271|
анимации
2|
0.00196271|
полно
6|2|
0.00588813|0.00196271|
своих
2|
0.00196271|
хаяо
10|
0.00981354|
миядзаки
16|
0.0157017|
отлично
2|
0.00196271|
оценка
16|
0.0157017|
самый
3|
0.00294406|
известный
2|
0.00196271|
получил
2|
0.00196271|
оскар
3|
0.00294406|
лишь
3|
0.00294406|
призраками
3|
0.00294406|
вовремя
4|2|
0.00392542|0.00196271|
родители
3|
0.00294406|
тихиро
3|
0.00294406|
девочки
9|
0.00883219|
приходится
4|
0.00392542|
мире
7|
0.00686948|
найти
2|
0.00196271|
способ
2|
0.00196271|
снять
4|
0.00392542|
вяпонии
2|
0.00196271|
кстати
8|
0.00785083|
должен
2|
0.00196271|
больше
3|
0.00294406|
пришлось
2|
0.00196271|
начинается
2|
0.00196271|
таки
6|2|
0.00588813|0.00196271|
однажды
3|
0.00294406|
живёт
2|
0.00196271|
втокио
2|
0.00196271|
друг
5|
0.00490677|
крепко
2|
0.00196271|
связаны
2|
0.00196271|
вышел
2|
0.00196271|
году
9|
0.00883219|
макото
3|
0.00294406|
синкай
2|
0.00196271|
будет
4|
0.00392542|
сидзуку
2|
0.00196271|
школьница
2|
0.00196271|
книгу
2|
0.00196271|
встречает
2|
0.00196271|
любовь
2|
0.00196271|
работы
7|
0.00686948|
была
2|
0.00196271|
своей
3|2|
0.00294406|0.00196271|
героини
3|
0.00294406|
первый
3|
0.00294406|
графика
2|
0.00196271|
аещё
3|
0.00294406|
японского
3|
0.00294406|
аниматора
2|
0.00196271|
через
3|
0.00294406|
после
8|
0.00785083|
мононоке
2|
0.00196271|
писателя
2|
0.00196271|
джонс
2|
0.00196271|
действие
3|
0.00294406|
происходит
3|
0.00294406|
века
2|
0.00196271|
рука
4|
0.00392542|
технологий
2|
0.00196271|
софи
2|
0.00196271|
меняется
2|
0.00196271|
города
3|
0.00294406|
ходячий
2|
0.00196271|
замок
2|
0.00196271|
хаула
3|
0.00294406|
иона
4|2|
0.00392542|0.00196271|
влюбляется
2|
0.00196271|
людей
4|
0.00392542|
детей
6|
0.00588813|
вместе
4|
0.00392542|
узнают
2|
0.00196271|
становится
2|
0.00196271|
оней
2|
0.00196271|
правда
2|
0.00196271|
очень
2|
0.00196271|
картина
4|
0.00392542|
поимени
3|
0.00294406|
сита
4|
0.00392542|
камень
2|
0.00196271|
своего
2|
0.00196271|
ключ
3|
0.00294406|
лапуте
2|
0.00196271|
легенд
2|
0.00196271|
снова
8|4|2|
0.00785083|0.00392542|0.00196271|
семья
3|
0.00294406|
сацуки
2|
0.00196271|
вдеревню
2|
0.00196271|
хорошо
2|
0.00196271|
мама
5|3|
0.00490677|0.00294406|
попадает
2|
0.00196271|
вбольницу
2|
0.00196271|
знакомится
3|
0.00294406|
сгигантским
2|
0.00196271|
тоторо
5|
0.00490677|
леса
3|
0.00294406|
помогает
2|
0.00196271|
например
2|
0.00196271|
полностью
2|
0.00196271|
такахаты
2|
0.00196271|
основал
4|
0.00392542|
иего
3|
0.00294406|
войны
3|
0.00294406|
вовремена
2|
0.00196271|
катастрофа
2|
0.00196271|
жить
2|
0.00196271|
насекомых
3|
0.00294406|
государств
2|
0.00196271|
долина
3|
0.00294406|
десяти
3|
0.00294406|
воснове
2|
0.00196271|
мальчик
2|
0.00196271|
куматэцу
2|
0.00196271|
мамору
3|
0.00294406|
хосада
2|
0.00196271|
тему
2|
0.00196271|
летняя
2|
0.00196271|
кики
2|
0.00196271|
службу
3|
0.00294406|
доставки
2|
0.00196271|
сначала
2|
0.00196271|
планировал
4|
0.00392542|
минут
3|
0.00294406|
нарисованных
2|
0.00196271|
вручную
2|
0.00196271|
кадра
2|
0.00196271|
хана
3|
0.00294406|
помощи
2|
0.00196271|
узнали
2|
0.00196271|
хосода
2|
0.00196271|
ради
2|
0.00196271|
получает
3|
0.00294406|
смотреть
2|
0.00196271|
внимание
2|
0.00196271|
евангелион
2|
0.00196271|
стоит
2|
0.00196271|
дзиро
2|
0.00196271|
ветер
2|
0.00196271|
назад
2|
0.00196271|
Alloc:
1|2|3|4|
0.0740741|0.00352734|0.000167968|7.9985e-06|

