Sources:
http://onlinemultfilmy.ru/ghibli/ http://kino-watch.online/director/47753/ https://www.ivi.ru/animation/jp 
Words:
мультфильмы
9|6|
0.0223881|0.011236|
студии
6|
0.0149254|
аниме
12|
0.0298507|
мультики
5|6|
0.0124378|0.011236|
года
4|9|
0.00995025|0.0168539|
сериалы
4|2|14|
0.00995025|0.028169|0.0262172|
пони
4|6|
0.00995025|0.011236|
школа
4|
0.00995025|
серия
8|
0.0199005|
фильмы
6|
0.0478715|
режиссера
2|
0.028169|
хаяо
3|
0.0422535|
миядзаки
3|
0.0422535|
сериалы
2|14|
0.028169|0.0262172|
драма
2|6|
0.028169|0.011236|
мультфильмы
6|
0.011236|
драмы
6|
0.011236|
приключения
6|
0.011236|
года
9|
0.0168539|
подписке
9|
0.0168539|
сериалы
14|
0.0262172|
мультики
6|
0.011236|
япония
6|
0.011236|
жанры
8|
0.0149813|
Alloc:
1|2|3|
0.272727|0.020202|0.00865801|

